0003,M0123,KA1 10 30 12 30 13 03 2022
0001,M3457,BA1 11 40 12 40 14 04 2022
0872,M2834,KA9 05 20 06 00 15 05 2022
0045,M7012,KA3 08 30 10 00 16 03 2022
0009,M4356,BA5 07 30 08 30 09 07 2022
2345,M2345,BA4 08 00 09 00 23 03 2022
1234,M1253,KA2 10 00 11 30 20 03 2022
0343,M9124,KI5 05 00 07 00 28 02 2022
8706,M7352,KB9 12 00 13 00 03 01 2022
4597,M3457,KJ4 08 00 09 00 25 12 2022
2003,M0321,KX1 10 00 11 00 12 11 2022
2548,M5643,KY9 10 00 12 00 31 08 2022
5474,M2246,KX5 16 00 17 00 21 09 2022
2641,M8340,KY3 13 00 14 30 06 06 2022
2456,M0432,KX6 09 00 10 00 09 10 2022
0012,M0477,CI1 10 30 12 30 01 04 2022
